24 46 4B 58 58 10 05 3F 3F 09 54 58 53 51 3F 54 58 58 58 1A 05 3F 3F 09 60 05 3F 3F 09 30 3F 43 01 01 03 3F 



360457 ·¢¸ø360459 $TXXX
24 54 58 58 58 00 1A 05 80 0B 60 05 80 09 00 00 00 30 A4 01 43 01 01 03 00 85 
 $   T   X   X   X       26  360459         360457             48/8                    crc

24 54 58 58 58 1A 05 3F 0B 60 05 3F 09 30 3F 01 51 01 01 03 3F 0D 0A

24 46 4B 58 58 10 05 A2 E3 0B 54 58 53 51 3F 0A
24 46 4B 58 58 00 10 05 80 09 02 54 58 53 51 B9  
$    F   K   X   X       16   360457  ·´À¡

24 54 58 58 58 00 1B 05 80 0B 60 05 80 09 00 00 00 38 A4 02 40 01 01 4F 4B 00 8B 0D 0A
********************************************************************************************
24 54 58 58 58 00 1A 05 80 0B 60 05 80 09 00 00 00 30 A4 01 51 01 01 03 00 97 

24 54 58 58 58 00 1B 05 80 0B 60 05 80 09 00 00 00 38 A4 02 40 01 01 4F 4B 00 8B

24 54 58 58 58 00 1A 05 80 0B 60 05 80 09 00 00 00 30 A4 01 43 01 01 03 00 85 
***************************************************************************************** 